0.60000002 8.39999962 0.00000000
1.60000002 8.39999962 0.00000000
0.60000002 8.39999962 2.50000000
1.60000002 8.39999962 2.50000000
0.60000002 7.50000000 0.00000000
0.60000002 7.59999990 0.00000000
0.60000002 7.69999981 0.00000000
0.60000002 7.80000019 0.00000000
0.60000002 7.90000010 0.00000000
0.60000002 8.00000000 0.00000000
0.60000002 8.10000038 0.00000000
0.60000002 8.19999981 0.00000000
0.60000002 8.30000019 0.00000000
1.60000002 8.00000000 0.00000000
1.60000002 8.10000038 0.00000000
1.60000002 8.19999981 0.00000000
1.60000002 8.30000019 0.00000000
0.60000002 7.50000000 0.10000000
0.60000002 7.50000000 0.20000000
0.60000002 7.50000000 0.30000001
0.60000002 7.50000000 0.40000001
0.60000002 7.50000000 0.50000000
0.60000002 7.50000000 0.60000002
0.60000002 7.50000000 0.69999999
0.60000002 7.50000000 0.80000001
0.60000002 7.50000000 0.89999998
0.60000002 7.50000000 1.00000000
0.60000002 7.50000000 1.10000002
0.60000002 7.50000000 1.20000005
0.60000002 7.50000000 1.29999995
0.60000002 7.50000000 1.39999998
0.60000002 7.50000000 1.50000000
0.60000002 7.50000000 1.60000002
0.60000002 7.50000000 1.70000005
0.60000002 7.50000000 1.79999995
0.60000002 7.50000000 1.89999998
0.60000002 7.50000000 2.00000000
0.60000002 7.50000000 2.09999990
0.60000002 7.50000000 2.20000005
0.60000002 7.50000000 2.29999995
0.60000002 7.50000000 2.40000010
0.60000002 7.50000000 2.50000000
0.60000002 7.50000000 2.50000000
0.60000002 7.59999990 2.50000000
0.60000002 7.69999981 2.50000000
0.60000002 7.80000019 2.50000000
0.60000002 7.90000010 2.50000000
0.60000002 8.00000000 2.50000000
0.60000002 8.10000038 2.50000000
0.60000002 8.19999981 2.50000000
0.60000002 8.30000019 2.50000000
1.60000002 8.00000000 2.50000000
1.60000002 8.10000038 2.50000000
1.60000002 8.19999981 2.50000000
1.60000002 8.30000019 2.50000000
1.60000002 7.50000000 0.00000000
1.60000002 7.59999990 0.00000000
1.60000002 7.69999981 0.00000000
1.60000002 7.80000019 0.00000000
1.60000002 7.90000010 0.00000000
1.60000002 7.50000000 0.10000000
1.60000002 7.50000000 0.20000000
1.60000002 7.50000000 0.30000001
1.60000002 7.50000000 0.40000001
1.60000002 7.50000000 0.50000000
1.60000002 7.50000000 0.60000002
1.60000002 7.50000000 0.69999999
1.60000002 7.50000000 0.80000001
1.60000002 7.50000000 0.89999998
1.60000002 7.50000000 1.00000000
1.60000002 7.50000000 1.10000002
1.60000002 7.50000000 1.20000005
1.60000002 7.50000000 1.29999995
1.60000002 7.50000000 1.39999998
1.60000002 7.50000000 1.50000000
1.60000002 7.50000000 1.60000002
1.60000002 7.50000000 1.70000005
1.60000002 7.50000000 1.79999995
1.60000002 7.50000000 1.89999998
1.60000002 7.50000000 2.00000000
1.60000002 7.50000000 2.09999990
1.60000002 7.50000000 2.20000005
1.60000002 7.50000000 2.29999995
1.60000002 7.50000000 2.40000010
1.60000002 7.50000000 2.50000000
1.60000002 7.59999990 2.50000000
1.60000002 7.69999981 2.50000000
1.60000002 7.80000019 2.50000000
1.60000002 7.90000010 2.50000000
0.10000000 7.50000000 0.00000000
0.10000000 7.59999990 0.00000000
0.10000000 7.69999981 0.00000000
0.10000000 7.80000019 0.00000000
0.10000000 7.90000010 0.00000000
0.10000000 8.00000000 0.00000000
0.10000000 8.10000038 0.00000000
0.10000000 8.19999981 0.00000000
0.10000000 8.30000019 0.00000000
0.10000000 8.39999962 0.00000000
0.10000000 8.50000000 0.00000000
0.10000000 8.60000038 0.00000000
0.10000000 8.69999981 0.00000000
0.10000000 8.80000019 0.00000000
0.10000000 8.89999962 0.00000000
0.10000000 9.00000000 0.00000000
0.10000000 9.10000038 0.00000000
0.10000000 9.19999981 0.00000000
0.10000000 9.30000019 0.00000000
0.10000000 9.39999962 0.00000000
0.10000000 9.50000000 0.00000000
0.10000000 9.60000038 0.00000000
0.10000000 9.69999981 0.00000000
0.10000000 9.80000019 0.00000000
0.10000000 9.89999962 0.00000000
0.10000000 10.00000000 0.00000000
0.20000000 7.50000000 0.00000000
0.20000000 7.59999990 0.00000000
0.20000000 7.69999981 0.00000000
0.20000000 7.80000019 0.00000000
0.20000000 7.90000010 0.00000000
0.20000000 8.00000000 0.00000000
0.20000000 8.10000038 0.00000000
0.20000000 8.19999981 0.00000000
0.20000000 8.30000019 0.00000000
0.20000000 8.39999962 0.00000000
0.20000000 8.50000000 0.00000000
0.20000000 8.60000038 0.00000000
0.20000000 8.69999981 0.00000000
0.20000000 8.80000019 0.00000000
0.20000000 8.89999962 0.00000000
0.20000000 9.00000000 0.00000000
0.20000000 9.10000038 0.00000000
0.20000000 9.19999981 0.00000000
0.20000000 9.30000019 0.00000000
0.20000000 9.39999962 0.00000000
0.20000000 9.50000000 0.00000000
0.20000000 9.60000038 0.00000000
0.20000000 9.69999981 0.00000000
0.20000000 9.80000019 0.00000000
0.20000000 9.89999962 0.00000000
0.20000000 10.00000000 0.00000000
0.30000001 7.50000000 0.00000000
0.30000001 7.59999990 0.00000000
0.30000001 7.69999981 0.00000000
0.30000001 7.80000019 0.00000000
0.30000001 7.90000010 0.00000000
0.30000001 8.00000000 0.00000000
0.30000001 8.10000038 0.00000000
0.30000001 8.19999981 0.00000000
0.30000001 8.30000019 0.00000000
0.30000001 8.39999962 0.00000000
0.30000001 8.50000000 0.00000000
0.30000001 8.60000038 0.00000000
0.30000001 8.69999981 0.00000000
0.30000001 8.80000019 0.00000000
0.30000001 8.89999962 0.00000000
0.30000001 9.00000000 0.00000000
0.30000001 9.10000038 0.00000000
0.30000001 9.19999981 0.00000000
0.30000001 9.30000019 0.00000000
0.30000001 9.39999962 0.00000000
0.30000001 9.50000000 0.00000000
0.30000001 9.60000038 0.00000000
0.30000001 9.69999981 0.00000000
0.30000001 9.80000019 0.00000000
0.30000001 9.89999962 0.00000000
0.30000001 10.00000000 0.00000000
0.40000001 7.50000000 0.00000000
0.40000001 7.59999990 0.00000000
0.40000001 7.69999981 0.00000000
0.40000001 7.80000019 0.00000000
0.40000001 7.90000010 0.00000000
0.40000001 8.00000000 0.00000000
0.40000001 8.10000038 0.00000000
0.40000001 8.19999981 0.00000000
0.40000001 8.30000019 0.00000000
0.40000001 8.39999962 0.00000000
0.40000001 8.50000000 0.00000000
0.40000001 8.60000038 0.00000000
0.40000001 8.69999981 0.00000000
0.40000001 8.80000019 0.00000000
0.40000001 8.89999962 0.00000000
0.40000001 9.00000000 0.00000000
0.40000001 9.10000038 0.00000000
0.40000001 9.19999981 0.00000000
0.40000001 9.30000019 0.00000000
0.40000001 9.39999962 0.00000000
0.40000001 9.50000000 0.00000000
0.40000001 9.60000038 0.00000000
0.40000001 9.69999981 0.00000000
0.40000001 9.80000019 0.00000000
0.40000001 9.89999962 0.00000000
0.40000001 10.00000000 0.00000000
0.50000000 7.50000000 0.00000000
0.50000000 7.59999990 0.00000000
0.50000000 7.69999981 0.00000000
0.50000000 7.80000019 0.00000000
0.50000000 7.90000010 0.00000000
0.50000000 8.00000000 0.00000000
0.50000000 8.10000038 0.00000000
0.50000000 8.19999981 0.00000000
0.50000000 8.30000019 0.00000000
0.50000000 8.39999962 0.00000000
0.50000000 8.50000000 0.00000000
0.50000000 8.60000038 0.00000000
0.50000000 8.69999981 0.00000000
0.50000000 8.80000019 0.00000000
0.50000000 8.89999962 0.00000000
0.50000000 9.00000000 0.00000000
0.50000000 9.10000038 0.00000000
0.50000000 9.19999981 0.00000000
0.50000000 9.30000019 0.00000000
0.50000000 9.39999962 0.00000000
0.50000000 9.50000000 0.00000000
0.50000000 9.60000038 0.00000000
0.50000000 9.69999981 0.00000000
0.50000000 9.80000019 0.00000000
0.50000000 9.89999962 0.00000000
0.50000000 10.00000000 0.00000000
0.60000002 8.50000000 0.00000000
0.60000002 8.60000038 0.00000000
0.60000002 8.69999981 0.00000000
0.60000002 8.80000019 0.00000000
0.60000002 8.89999962 0.00000000
0.60000002 9.00000000 0.00000000
0.60000002 9.10000038 0.00000000
0.60000002 9.19999981 0.00000000
0.60000002 9.30000019 0.00000000
0.60000002 9.39999962 0.00000000
0.60000002 9.50000000 0.00000000
0.60000002 9.60000038 0.00000000
0.60000002 9.69999981 0.00000000
0.60000002 9.80000019 0.00000000
0.60000002 9.89999962 0.00000000
0.60000002 10.00000000 0.00000000
0.69999999 8.50000000 0.00000000
0.69999999 8.60000038 0.00000000
0.69999999 8.69999981 0.00000000
0.69999999 8.80000019 0.00000000
0.69999999 8.89999962 0.00000000
0.69999999 9.00000000 0.00000000
0.69999999 9.10000038 0.00000000
0.69999999 9.19999981 0.00000000
0.69999999 9.30000019 0.00000000
0.69999999 9.39999962 0.00000000
0.69999999 9.50000000 0.00000000
0.69999999 9.60000038 0.00000000
0.69999999 9.69999981 0.00000000
0.69999999 9.80000019 0.00000000
0.69999999 9.89999962 0.00000000
0.69999999 10.00000000 0.00000000
0.80000001 8.50000000 0.00000000
0.80000001 8.60000038 0.00000000
0.80000001 8.69999981 0.00000000
0.80000001 8.80000019 0.00000000
0.80000001 8.89999962 0.00000000
0.80000001 9.00000000 0.00000000
0.80000001 9.10000038 0.00000000
0.80000001 9.19999981 0.00000000
0.80000001 9.30000019 0.00000000
0.80000001 9.39999962 0.00000000
0.80000001 9.50000000 0.00000000
0.80000001 9.60000038 0.00000000
0.80000001 9.69999981 0.00000000
0.80000001 9.80000019 0.00000000
0.80000001 9.89999962 0.00000000
0.80000001 10.00000000 0.00000000
0.89999998 8.50000000 0.00000000
0.89999998 8.60000038 0.00000000
0.89999998 8.69999981 0.00000000
0.89999998 8.80000019 0.00000000
0.89999998 8.89999962 0.00000000
0.89999998 9.00000000 0.00000000
0.89999998 9.10000038 0.00000000
0.89999998 9.19999981 0.00000000
0.89999998 9.30000019 0.00000000
0.89999998 9.39999962 0.00000000
0.89999998 9.50000000 0.00000000
0.89999998 9.60000038 0.00000000
0.89999998 9.69999981 0.00000000
0.89999998 9.80000019 0.00000000
0.89999998 9.89999962 0.00000000
0.89999998 10.00000000 0.00000000
1.00000000 8.50000000 0.00000000
1.00000000 8.60000038 0.00000000
1.00000000 8.69999981 0.00000000
1.00000000 8.80000019 0.00000000
1.00000000 8.89999962 0.00000000
1.00000000 9.00000000 0.00000000
1.00000000 9.10000038 0.00000000
1.00000000 9.19999981 0.00000000
1.00000000 9.30000019 0.00000000
1.00000000 9.39999962 0.00000000
1.00000000 9.50000000 0.00000000
1.00000000 9.60000038 0.00000000
1.00000000 9.69999981 0.00000000
1.00000000 9.80000019 0.00000000
1.00000000 9.89999962 0.00000000
1.00000000 10.00000000 0.00000000
1.10000002 8.50000000 0.00000000
1.10000002 8.60000038 0.00000000
1.10000002 8.69999981 0.00000000
1.10000002 8.80000019 0.00000000
1.10000002 8.89999962 0.00000000
1.10000002 9.00000000 0.00000000
1.10000002 9.10000038 0.00000000
1.10000002 9.19999981 0.00000000
1.10000002 9.30000019 0.00000000
1.10000002 9.39999962 0.00000000
1.10000002 9.50000000 0.00000000
1.10000002 9.60000038 0.00000000
1.10000002 9.69999981 0.00000000
1.10000002 9.80000019 0.00000000
1.10000002 9.89999962 0.00000000
1.10000002 10.00000000 0.00000000
1.20000005 8.50000000 0.00000000
1.20000005 8.60000038 0.00000000
1.20000005 8.69999981 0.00000000
1.20000005 8.80000019 0.00000000
1.20000005 8.89999962 0.00000000
1.20000005 9.00000000 0.00000000
1.20000005 9.10000038 0.00000000
1.20000005 9.19999981 0.00000000
1.20000005 9.30000019 0.00000000
1.20000005 9.39999962 0.00000000
1.20000005 9.50000000 0.00000000
1.20000005 9.60000038 0.00000000
1.20000005 9.69999981 0.00000000
1.20000005 9.80000019 0.00000000
1.20000005 9.89999962 0.00000000
1.20000005 10.00000000 0.00000000
1.29999995 8.50000000 0.00000000
1.29999995 8.60000038 0.00000000
1.29999995 8.69999981 0.00000000
1.29999995 8.80000019 0.00000000
1.29999995 8.89999962 0.00000000
1.29999995 9.00000000 0.00000000
1.29999995 9.10000038 0.00000000
1.29999995 9.19999981 0.00000000
1.29999995 9.30000019 0.00000000
1.29999995 9.39999962 0.00000000
1.29999995 9.50000000 0.00000000
1.29999995 9.60000038 0.00000000
1.29999995 9.69999981 0.00000000
1.29999995 9.80000019 0.00000000
1.29999995 9.89999962 0.00000000
1.29999995 10.00000000 0.00000000
1.39999998 8.50000000 0.00000000
1.39999998 8.60000038 0.00000000
1.39999998 8.69999981 0.00000000
1.39999998 8.80000019 0.00000000
1.39999998 8.89999962 0.00000000
1.39999998 9.00000000 0.00000000
1.39999998 9.10000038 0.00000000
1.39999998 9.19999981 0.00000000
1.39999998 9.30000019 0.00000000
1.39999998 9.39999962 0.00000000
1.39999998 9.50000000 0.00000000
1.39999998 9.60000038 0.00000000
1.39999998 9.69999981 0.00000000
1.39999998 9.80000019 0.00000000
1.39999998 9.89999962 0.00000000
1.39999998 10.00000000 0.00000000
1.50000000 8.50000000 0.00000000
1.50000000 8.60000038 0.00000000
1.50000000 8.69999981 0.00000000
1.50000000 8.80000019 0.00000000
1.50000000 8.89999962 0.00000000
1.50000000 9.00000000 0.00000000
1.50000000 9.10000038 0.00000000
1.50000000 9.19999981 0.00000000
1.50000000 9.30000019 0.00000000
1.50000000 9.39999962 0.00000000
1.50000000 9.50000000 0.00000000
1.50000000 9.60000038 0.00000000
1.50000000 9.69999981 0.00000000
1.50000000 9.80000019 0.00000000
1.50000000 9.89999962 0.00000000
1.50000000 10.00000000 0.00000000
1.60000002 8.50000000 0.00000000
1.60000002 8.60000038 0.00000000
1.60000002 8.69999981 0.00000000
1.60000002 8.80000019 0.00000000
1.60000002 8.89999962 0.00000000
1.60000002 9.00000000 0.00000000
1.60000002 9.10000038 0.00000000
1.60000002 9.19999981 0.00000000
1.60000002 9.30000019 0.00000000
1.60000002 9.39999962 0.00000000
1.60000002 9.50000000 0.00000000
1.60000002 9.60000038 0.00000000
1.60000002 9.69999981 0.00000000
1.60000002 9.80000019 0.00000000
1.60000002 9.89999962 0.00000000
1.60000002 10.00000000 0.00000000
1.70000005 8.00000000 0.00000000
1.70000005 8.10000038 0.00000000
1.70000005 8.19999981 0.00000000
1.70000005 8.30000019 0.00000000
1.70000005 8.39999962 0.00000000
1.70000005 8.50000000 0.00000000
1.70000005 8.60000038 0.00000000
1.70000005 8.69999981 0.00000000
1.70000005 8.80000019 0.00000000
1.70000005 8.89999962 0.00000000
1.70000005 9.00000000 0.00000000
1.70000005 9.10000038 0.00000000
1.70000005 9.19999981 0.00000000
1.70000005 9.30000019 0.00000000
1.70000005 9.39999962 0.00000000
1.70000005 9.50000000 0.00000000
1.70000005 9.60000038 0.00000000
1.70000005 9.69999981 0.00000000
1.70000005 9.80000019 0.00000000
1.70000005 9.89999962 0.00000000
1.70000005 10.00000000 0.00000000
1.79999995 8.00000000 0.00000000
1.79999995 8.10000038 0.00000000
1.79999995 8.19999981 0.00000000
1.79999995 8.30000019 0.00000000
1.79999995 8.39999962 0.00000000
1.79999995 8.50000000 0.00000000
1.79999995 8.60000038 0.00000000
1.79999995 8.69999981 0.00000000
1.79999995 8.80000019 0.00000000
1.79999995 8.89999962 0.00000000
1.79999995 9.00000000 0.00000000
1.79999995 9.10000038 0.00000000
1.79999995 9.19999981 0.00000000
1.79999995 9.30000019 0.00000000
1.79999995 9.39999962 0.00000000
1.79999995 9.50000000 0.00000000
1.79999995 9.60000038 0.00000000
1.79999995 9.69999981 0.00000000
1.79999995 9.80000019 0.00000000
1.79999995 9.89999962 0.00000000
1.79999995 10.00000000 0.00000000
1.89999998 8.00000000 0.00000000
1.89999998 8.10000038 0.00000000
1.89999998 8.19999981 0.00000000
1.89999998 8.30000019 0.00000000
1.89999998 8.39999962 0.00000000
1.89999998 8.50000000 0.00000000
1.89999998 8.60000038 0.00000000
1.89999998 8.69999981 0.00000000
1.89999998 8.80000019 0.00000000
1.89999998 8.89999962 0.00000000
1.89999998 9.00000000 0.00000000
1.89999998 9.10000038 0.00000000
1.89999998 9.19999981 0.00000000
1.89999998 9.30000019 0.00000000
1.89999998 9.39999962 0.00000000
1.89999998 9.50000000 0.00000000
1.89999998 9.60000038 0.00000000
1.89999998 9.69999981 0.00000000
1.89999998 9.80000019 0.00000000
1.89999998 9.89999962 0.00000000
1.89999998 10.00000000 0.00000000
2.00000000 7.50000000 0.00000000
2.00000000 7.59999990 0.00000000
2.00000000 7.69999981 0.00000000
2.00000000 7.80000019 0.00000000
2.00000000 7.90000010 0.00000000
2.00000000 8.00000000 0.00000000
2.00000000 8.10000038 0.00000000
2.00000000 8.19999981 0.00000000
2.00000000 8.30000019 0.00000000
2.00000000 8.39999962 0.00000000
2.00000000 8.50000000 0.00000000
2.00000000 8.60000038 0.00000000
2.00000000 8.69999981 0.00000000
2.00000000 8.80000019 0.00000000
2.00000000 8.89999962 0.00000000
2.00000000 9.00000000 0.00000000
2.00000000 9.10000038 0.00000000
2.00000000 9.19999981 0.00000000
2.00000000 9.30000019 0.00000000
2.00000000 9.39999962 0.00000000
2.00000000 9.50000000 0.00000000
2.00000000 9.60000038 0.00000000
2.00000000 9.69999981 0.00000000
2.00000000 9.80000019 0.00000000
2.00000000 9.89999962 0.00000000
2.00000000 10.00000000 0.00000000
2.09999990 7.50000000 0.00000000
2.09999990 7.59999990 0.00000000
2.09999990 7.69999981 0.00000000
2.09999990 7.80000019 0.00000000
2.09999990 7.90000010 0.00000000
2.09999990 8.00000000 0.00000000
2.09999990 8.10000038 0.00000000
2.09999990 8.19999981 0.00000000
2.09999990 8.30000019 0.00000000
2.09999990 8.39999962 0.00000000
2.09999990 8.50000000 0.00000000
2.09999990 8.60000038 0.00000000
2.09999990 8.69999981 0.00000000
2.09999990 8.80000019 0.00000000
2.09999990 8.89999962 0.00000000
2.09999990 9.00000000 0.00000000
2.09999990 9.10000038 0.00000000
2.09999990 9.19999981 0.00000000
2.09999990 9.30000019 0.00000000
2.09999990 9.39999962 0.00000000
2.09999990 9.50000000 0.00000000
2.09999990 9.60000038 0.00000000
2.09999990 9.69999981 0.00000000
2.09999990 9.80000019 0.00000000
2.09999990 9.89999962 0.00000000
2.09999990 10.00000000 0.00000000
2.20000005 7.50000000 0.00000000
2.20000005 7.59999990 0.00000000
2.20000005 7.69999981 0.00000000
2.20000005 7.80000019 0.00000000
2.20000005 7.90000010 0.00000000
2.20000005 8.00000000 0.00000000
2.20000005 8.10000038 0.00000000
2.20000005 8.19999981 0.00000000
2.20000005 8.30000019 0.00000000
2.20000005 8.39999962 0.00000000
2.20000005 8.50000000 0.00000000
2.20000005 8.60000038 0.00000000
2.20000005 8.69999981 0.00000000
2.20000005 8.80000019 0.00000000
2.20000005 8.89999962 0.00000000
2.20000005 9.00000000 0.00000000
2.20000005 9.10000038 0.00000000
2.20000005 9.19999981 0.00000000
2.20000005 9.30000019 0.00000000
2.20000005 9.39999962 0.00000000
2.20000005 9.50000000 0.00000000
2.20000005 9.60000038 0.00000000
2.20000005 9.69999981 0.00000000
2.20000005 9.80000019 0.00000000
2.20000005 9.89999962 0.00000000
2.20000005 10.00000000 0.00000000
2.29999995 7.50000000 0.00000000
2.29999995 7.59999990 0.00000000
2.29999995 7.69999981 0.00000000
2.29999995 7.80000019 0.00000000
2.29999995 7.90000010 0.00000000
2.29999995 8.00000000 0.00000000
2.29999995 8.10000038 0.00000000
2.29999995 8.19999981 0.00000000
2.29999995 8.30000019 0.00000000
2.29999995 8.39999962 0.00000000
2.29999995 8.50000000 0.00000000
2.29999995 8.60000038 0.00000000
2.29999995 8.69999981 0.00000000
2.29999995 8.80000019 0.00000000
2.29999995 8.89999962 0.00000000
2.29999995 9.00000000 0.00000000
2.29999995 9.10000038 0.00000000
2.29999995 9.19999981 0.00000000
2.29999995 9.30000019 0.00000000
2.29999995 9.39999962 0.00000000
2.29999995 9.50000000 0.00000000
2.29999995 9.60000038 0.00000000
2.29999995 9.69999981 0.00000000
2.29999995 9.80000019 0.00000000
2.29999995 9.89999962 0.00000000
2.29999995 10.00000000 0.00000000
2.40000010 7.50000000 0.00000000
2.40000010 7.59999990 0.00000000
2.40000010 7.69999981 0.00000000
2.40000010 7.80000019 0.00000000
2.40000010 7.90000010 0.00000000
2.40000010 8.00000000 0.00000000
2.40000010 8.10000038 0.00000000
2.40000010 8.19999981 0.00000000
2.40000010 8.30000019 0.00000000
2.40000010 8.39999962 0.00000000
2.40000010 8.50000000 0.00000000
2.40000010 8.60000038 0.00000000
2.40000010 8.69999981 0.00000000
2.40000010 8.80000019 0.00000000
2.40000010 8.89999962 0.00000000
2.40000010 9.00000000 0.00000000
2.40000010 9.10000038 0.00000000
2.40000010 9.19999981 0.00000000
2.40000010 9.30000019 0.00000000
2.40000010 9.39999962 0.00000000
2.40000010 9.50000000 0.00000000
2.40000010 9.60000038 0.00000000
2.40000010 9.69999981 0.00000000
2.40000010 9.80000019 0.00000000
2.40000010 9.89999962 0.00000000
2.40000010 10.00000000 0.00000000
2.50000000 7.50000000 0.00000000
2.50000000 7.59999990 0.00000000
2.50000000 7.69999981 0.00000000
2.50000000 7.80000019 0.00000000
2.50000000 7.90000010 0.00000000
2.50000000 8.00000000 0.00000000
2.50000000 8.10000038 0.00000000
2.50000000 8.19999981 0.00000000
2.50000000 8.30000019 0.00000000
2.50000000 8.39999962 0.00000000
2.50000000 8.50000000 0.00000000
2.50000000 8.60000038 0.00000000
2.50000000 8.69999981 0.00000000
2.50000000 8.80000019 0.00000000
2.50000000 8.89999962 0.00000000
2.50000000 9.00000000 0.00000000
2.50000000 9.10000038 0.00000000
2.50000000 9.19999981 0.00000000
2.50000000 9.30000019 0.00000000
2.50000000 9.39999962 0.00000000
2.50000000 9.50000000 0.00000000
2.50000000 9.60000038 0.00000000
2.50000000 9.69999981 0.00000000
2.50000000 9.80000019 0.00000000
2.50000000 9.89999962 0.00000000
2.50000000 10.00000000 0.00000000
2.59999990 7.50000000 0.00000000
2.59999990 7.59999990 0.00000000
2.59999990 7.69999981 0.00000000
2.59999990 7.80000019 0.00000000
2.59999990 7.90000010 0.00000000
2.59999990 8.00000000 0.00000000
2.59999990 8.10000038 0.00000000
2.59999990 8.19999981 0.00000000
2.59999990 8.30000019 0.00000000
2.59999990 8.39999962 0.00000000
2.59999990 8.50000000 0.00000000
2.59999990 8.60000038 0.00000000
2.59999990 8.69999981 0.00000000
2.59999990 8.80000019 0.00000000
2.59999990 8.89999962 0.00000000
2.59999990 9.00000000 0.00000000
2.59999990 9.10000038 0.00000000
2.59999990 9.19999981 0.00000000
2.59999990 9.30000019 0.00000000
2.59999990 9.39999962 0.00000000
2.59999990 9.50000000 0.00000000
2.59999990 9.60000038 0.00000000
2.59999990 9.69999981 0.00000000
2.59999990 9.80000019 0.00000000
2.59999990 9.89999962 0.00000000
2.59999990 10.00000000 0.00000000
0.10000000 10.00000000 0.10000000
0.20000000 10.00000000 0.10000000
0.30000001 10.00000000 0.10000000
0.40000001 10.00000000 0.10000000
0.50000000 10.00000000 0.10000000
0.60000002 10.00000000 0.10000000
0.69999999 10.00000000 0.10000000
0.80000001 10.00000000 0.10000000
0.89999998 10.00000000 0.10000000
1.00000000 10.00000000 0.10000000
1.10000002 10.00000000 0.10000000
1.20000005 10.00000000 0.10000000
1.29999995 10.00000000 0.10000000
1.39999998 10.00000000 0.10000000
1.50000000 10.00000000 0.10000000
1.60000002 10.00000000 0.10000000
1.70000005 10.00000000 0.10000000
1.79999995 10.00000000 0.10000000
1.89999998 10.00000000 0.10000000
2.00000000 10.00000000 0.10000000
2.09999990 10.00000000 0.10000000
2.20000005 10.00000000 0.10000000
2.29999995 10.00000000 0.10000000
2.40000010 10.00000000 0.10000000
2.50000000 10.00000000 0.10000000
2.59999990 10.00000000 0.10000000
0.10000000 10.00000000 0.20000000
0.20000000 10.00000000 0.20000000
0.30000001 10.00000000 0.20000000
0.40000001 10.00000000 0.20000000
0.50000000 10.00000000 0.20000000
0.60000002 10.00000000 0.20000000
0.69999999 10.00000000 0.20000000
0.80000001 10.00000000 0.20000000
0.89999998 10.00000000 0.20000000
1.00000000 10.00000000 0.20000000
1.10000002 10.00000000 0.20000000
1.20000005 10.00000000 0.20000000
1.29999995 10.00000000 0.20000000
1.39999998 10.00000000 0.20000000
1.50000000 10.00000000 0.20000000
1.60000002 10.00000000 0.20000000
1.70000005 10.00000000 0.20000000
1.79999995 10.00000000 0.20000000
1.89999998 10.00000000 0.20000000
2.00000000 10.00000000 0.20000000
2.09999990 10.00000000 0.20000000
2.20000005 10.00000000 0.20000000
2.29999995 10.00000000 0.20000000
2.40000010 10.00000000 0.20000000
2.50000000 10.00000000 0.20000000
2.59999990 10.00000000 0.20000000
0.10000000 10.00000000 0.30000001
0.20000000 10.00000000 0.30000001
0.30000001 10.00000000 0.30000001
0.40000001 10.00000000 0.30000001
0.50000000 10.00000000 0.30000001
0.60000002 10.00000000 0.30000001
0.69999999 10.00000000 0.30000001
0.80000001 10.00000000 0.30000001
0.89999998 10.00000000 0.30000001
1.00000000 10.00000000 0.30000001
1.10000002 10.00000000 0.30000001
1.20000005 10.00000000 0.30000001
1.29999995 10.00000000 0.30000001
1.39999998 10.00000000 0.30000001
1.50000000 10.00000000 0.30000001
1.60000002 10.00000000 0.30000001
1.70000005 10.00000000 0.30000001
1.79999995 10.00000000 0.30000001
1.89999998 10.00000000 0.30000001
2.00000000 10.00000000 0.30000001
2.09999990 10.00000000 0.30000001
2.20000005 10.00000000 0.30000001
2.29999995 10.00000000 0.30000001
2.40000010 10.00000000 0.30000001
2.50000000 10.00000000 0.30000001
2.59999990 10.00000000 0.30000001
0.10000000 10.00000000 0.40000001
0.20000000 10.00000000 0.40000001
0.30000001 10.00000000 0.40000001
0.40000001 10.00000000 0.40000001
0.50000000 10.00000000 0.40000001
0.60000002 10.00000000 0.40000001
0.69999999 10.00000000 0.40000001
0.80000001 10.00000000 0.40000001
0.89999998 10.00000000 0.40000001
1.00000000 10.00000000 0.40000001
1.10000002 10.00000000 0.40000001
1.20000005 10.00000000 0.40000001
1.29999995 10.00000000 0.40000001
1.39999998 10.00000000 0.40000001
1.50000000 10.00000000 0.40000001
1.60000002 10.00000000 0.40000001
1.70000005 10.00000000 0.40000001
1.79999995 10.00000000 0.40000001
1.89999998 10.00000000 0.40000001
2.00000000 10.00000000 0.40000001
2.09999990 10.00000000 0.40000001
2.20000005 10.00000000 0.40000001
2.29999995 10.00000000 0.40000001
2.40000010 10.00000000 0.40000001
2.50000000 10.00000000 0.40000001
2.59999990 10.00000000 0.40000001
0.10000000 10.00000000 0.50000000
0.20000000 10.00000000 0.50000000
0.30000001 10.00000000 0.50000000
0.40000001 10.00000000 0.50000000
0.50000000 10.00000000 0.50000000
0.60000002 10.00000000 0.50000000
0.69999999 10.00000000 0.50000000
0.80000001 10.00000000 0.50000000
0.89999998 10.00000000 0.50000000
1.00000000 10.00000000 0.50000000
1.10000002 10.00000000 0.50000000
1.20000005 10.00000000 0.50000000
1.29999995 10.00000000 0.50000000
1.39999998 10.00000000 0.50000000
1.50000000 10.00000000 0.50000000
1.60000002 10.00000000 0.50000000
1.70000005 10.00000000 0.50000000
1.79999995 10.00000000 0.50000000
1.89999998 10.00000000 0.50000000
2.00000000 10.00000000 0.50000000
2.09999990 10.00000000 0.50000000
2.20000005 10.00000000 0.50000000
2.29999995 10.00000000 0.50000000
2.40000010 10.00000000 0.50000000
2.50000000 10.00000000 0.50000000
2.59999990 10.00000000 0.50000000
0.10000000 10.00000000 0.60000002
0.20000000 10.00000000 0.60000002
0.30000001 10.00000000 0.60000002
0.40000001 10.00000000 0.60000002
0.50000000 10.00000000 0.60000002
0.60000002 10.00000000 0.60000002
0.69999999 10.00000000 0.60000002
0.80000001 10.00000000 0.60000002
0.89999998 10.00000000 0.60000002
1.00000000 10.00000000 0.60000002
1.10000002 10.00000000 0.60000002
1.20000005 10.00000000 0.60000002
1.29999995 10.00000000 0.60000002
1.39999998 10.00000000 0.60000002
1.50000000 10.00000000 0.60000002
1.60000002 10.00000000 0.60000002
1.70000005 10.00000000 0.60000002
1.79999995 10.00000000 0.60000002
1.89999998 10.00000000 0.60000002
2.00000000 10.00000000 0.60000002
2.09999990 10.00000000 0.60000002
2.20000005 10.00000000 0.60000002
2.29999995 10.00000000 0.60000002
2.40000010 10.00000000 0.60000002
2.50000000 10.00000000 0.60000002
2.59999990 10.00000000 0.60000002
0.10000000 10.00000000 0.69999999
0.20000000 10.00000000 0.69999999
0.30000001 10.00000000 0.69999999
0.40000001 10.00000000 0.69999999
0.50000000 10.00000000 0.69999999
0.60000002 10.00000000 0.69999999
0.69999999 10.00000000 0.69999999
0.80000001 10.00000000 0.69999999
0.89999998 10.00000000 0.69999999
1.00000000 10.00000000 0.69999999
1.10000002 10.00000000 0.69999999
1.20000005 10.00000000 0.69999999
1.29999995 10.00000000 0.69999999
1.39999998 10.00000000 0.69999999
1.50000000 10.00000000 0.69999999
1.60000002 10.00000000 0.69999999
1.70000005 10.00000000 0.69999999
1.79999995 10.00000000 0.69999999
1.89999998 10.00000000 0.69999999
2.00000000 10.00000000 0.69999999
2.09999990 10.00000000 0.69999999
2.20000005 10.00000000 0.69999999
2.29999995 10.00000000 0.69999999
2.40000010 10.00000000 0.69999999
2.50000000 10.00000000 0.69999999
2.59999990 10.00000000 0.69999999
0.10000000 10.00000000 0.80000001
0.20000000 10.00000000 0.80000001
0.30000001 10.00000000 0.80000001
0.40000001 10.00000000 0.80000001
0.50000000 10.00000000 0.80000001
0.60000002 10.00000000 0.80000001
0.69999999 10.00000000 0.80000001
0.80000001 10.00000000 0.80000001
0.89999998 10.00000000 0.80000001
1.00000000 10.00000000 0.80000001
1.10000002 10.00000000 0.80000001
1.20000005 10.00000000 0.80000001
1.29999995 10.00000000 0.80000001
1.39999998 10.00000000 0.80000001
1.50000000 10.00000000 0.80000001
1.60000002 10.00000000 0.80000001
1.70000005 10.00000000 0.80000001
1.79999995 10.00000000 0.80000001
1.89999998 10.00000000 0.80000001
2.00000000 10.00000000 0.80000001
2.09999990 10.00000000 0.80000001
2.20000005 10.00000000 0.80000001
2.29999995 10.00000000 0.80000001
2.40000010 10.00000000 0.80000001
2.50000000 10.00000000 0.80000001
2.59999990 10.00000000 0.80000001
0.10000000 10.00000000 0.89999998
0.20000000 10.00000000 0.89999998
0.30000001 10.00000000 0.89999998
0.40000001 10.00000000 0.89999998
0.50000000 10.00000000 0.89999998
0.60000002 10.00000000 0.89999998
0.69999999 10.00000000 0.89999998
0.80000001 10.00000000 0.89999998
0.89999998 10.00000000 0.89999998
1.00000000 10.00000000 0.89999998
1.10000002 10.00000000 0.89999998
1.20000005 10.00000000 0.89999998
1.29999995 10.00000000 0.89999998
1.39999998 10.00000000 0.89999998
1.50000000 10.00000000 0.89999998
1.60000002 10.00000000 0.89999998
1.70000005 10.00000000 0.89999998
1.79999995 10.00000000 0.89999998
1.89999998 10.00000000 0.89999998
2.00000000 10.00000000 0.89999998
2.09999990 10.00000000 0.89999998
2.20000005 10.00000000 0.89999998
2.29999995 10.00000000 0.89999998
2.40000010 10.00000000 0.89999998
2.50000000 10.00000000 0.89999998
2.59999990 10.00000000 0.89999998
0.10000000 10.00000000 1.00000000
0.20000000 10.00000000 1.00000000
0.30000001 10.00000000 1.00000000
0.40000001 10.00000000 1.00000000
0.50000000 10.00000000 1.00000000
0.60000002 10.00000000 1.00000000
0.69999999 10.00000000 1.00000000
0.80000001 10.00000000 1.00000000
0.89999998 10.00000000 1.00000000
1.00000000 10.00000000 1.00000000
1.10000002 10.00000000 1.00000000
1.20000005 10.00000000 1.00000000
1.29999995 10.00000000 1.00000000
1.39999998 10.00000000 1.00000000
1.50000000 10.00000000 1.00000000
1.60000002 10.00000000 1.00000000
1.70000005 10.00000000 1.00000000
1.79999995 10.00000000 1.00000000
1.89999998 10.00000000 1.00000000
2.00000000 10.00000000 1.00000000
2.09999990 10.00000000 1.00000000
2.20000005 10.00000000 1.00000000
2.29999995 10.00000000 1.00000000
2.40000010 10.00000000 1.00000000
2.50000000 10.00000000 1.00000000
2.59999990 10.00000000 1.00000000
0.10000000 10.00000000 1.10000002
0.20000000 10.00000000 1.10000002
0.30000001 10.00000000 1.10000002
0.40000001 10.00000000 1.10000002
0.50000000 10.00000000 1.10000002
0.60000002 10.00000000 1.10000002
0.69999999 10.00000000 1.10000002
0.80000001 10.00000000 1.10000002
0.89999998 10.00000000 1.10000002
1.00000000 10.00000000 1.10000002
1.10000002 10.00000000 1.10000002
1.20000005 10.00000000 1.10000002
1.29999995 10.00000000 1.10000002
1.39999998 10.00000000 1.10000002
1.50000000 10.00000000 1.10000002
1.60000002 10.00000000 1.10000002
1.70000005 10.00000000 1.10000002
1.79999995 10.00000000 1.10000002
1.89999998 10.00000000 1.10000002
2.00000000 10.00000000 1.10000002
2.09999990 10.00000000 1.10000002
2.20000005 10.00000000 1.10000002
2.29999995 10.00000000 1.10000002
2.40000010 10.00000000 1.10000002
2.50000000 10.00000000 1.10000002
2.59999990 10.00000000 1.10000002
0.10000000 10.00000000 1.20000005
0.20000000 10.00000000 1.20000005
0.30000001 10.00000000 1.20000005
0.40000001 10.00000000 1.20000005
0.50000000 10.00000000 1.20000005
0.60000002 10.00000000 1.20000005
0.69999999 10.00000000 1.20000005
0.80000001 10.00000000 1.20000005
0.89999998 10.00000000 1.20000005
1.00000000 10.00000000 1.20000005
1.10000002 10.00000000 1.20000005
1.20000005 10.00000000 1.20000005
1.29999995 10.00000000 1.20000005
1.39999998 10.00000000 1.20000005
1.50000000 10.00000000 1.20000005
1.60000002 10.00000000 1.20000005
1.70000005 10.00000000 1.20000005
1.79999995 10.00000000 1.20000005
1.89999998 10.00000000 1.20000005
2.00000000 10.00000000 1.20000005
2.09999990 10.00000000 1.20000005
2.20000005 10.00000000 1.20000005
2.29999995 10.00000000 1.20000005
2.40000010 10.00000000 1.20000005
2.50000000 10.00000000 1.20000005
2.59999990 10.00000000 1.20000005
0.10000000 10.00000000 1.29999995
0.20000000 10.00000000 1.29999995
0.30000001 10.00000000 1.29999995
0.40000001 10.00000000 1.29999995
0.50000000 10.00000000 1.29999995
0.60000002 10.00000000 1.29999995
0.69999999 10.00000000 1.29999995
0.80000001 10.00000000 1.29999995
0.89999998 10.00000000 1.29999995
1.00000000 10.00000000 1.29999995
1.10000002 10.00000000 1.29999995
1.20000005 10.00000000 1.29999995
1.29999995 10.00000000 1.29999995
1.39999998 10.00000000 1.29999995
1.50000000 10.00000000 1.29999995
1.60000002 10.00000000 1.29999995
1.70000005 10.00000000 1.29999995
1.79999995 10.00000000 1.29999995
1.89999998 10.00000000 1.29999995
2.00000000 10.00000000 1.29999995
2.09999990 10.00000000 1.29999995
2.20000005 10.00000000 1.29999995
2.29999995 10.00000000 1.29999995
2.40000010 10.00000000 1.29999995
2.50000000 10.00000000 1.29999995
2.59999990 10.00000000 1.29999995
0.10000000 10.00000000 1.39999998
0.20000000 10.00000000 1.39999998
0.30000001 10.00000000 1.39999998
0.40000001 10.00000000 1.39999998
0.50000000 10.00000000 1.39999998
0.60000002 10.00000000 1.39999998
0.69999999 10.00000000 1.39999998
0.80000001 10.00000000 1.39999998
0.89999998 10.00000000 1.39999998
1.00000000 10.00000000 1.39999998
1.10000002 10.00000000 1.39999998
1.20000005 10.00000000 1.39999998
1.29999995 10.00000000 1.39999998
1.39999998 10.00000000 1.39999998
1.50000000 10.00000000 1.39999998
1.60000002 10.00000000 1.39999998
1.70000005 10.00000000 1.39999998
1.79999995 10.00000000 1.39999998
1.89999998 10.00000000 1.39999998
2.00000000 10.00000000 1.39999998
2.09999990 10.00000000 1.39999998
2.20000005 10.00000000 1.39999998
2.29999995 10.00000000 1.39999998
2.40000010 10.00000000 1.39999998
2.50000000 10.00000000 1.39999998
2.59999990 10.00000000 1.39999998
0.10000000 10.00000000 1.50000000
0.20000000 10.00000000 1.50000000
0.30000001 10.00000000 1.50000000
0.40000001 10.00000000 1.50000000
0.50000000 10.00000000 1.50000000
0.60000002 10.00000000 1.50000000
0.69999999 10.00000000 1.50000000
0.80000001 10.00000000 1.50000000
0.89999998 10.00000000 1.50000000
1.00000000 10.00000000 1.50000000
1.10000002 10.00000000 1.50000000
1.20000005 10.00000000 1.50000000
1.29999995 10.00000000 1.50000000
1.39999998 10.00000000 1.50000000
1.50000000 10.00000000 1.50000000
1.60000002 10.00000000 1.50000000
1.70000005 10.00000000 1.50000000
1.79999995 10.00000000 1.50000000
1.89999998 10.00000000 1.50000000
2.00000000 10.00000000 1.50000000
2.09999990 10.00000000 1.50000000
2.20000005 10.00000000 1.50000000
2.29999995 10.00000000 1.50000000
2.40000010 10.00000000 1.50000000
2.50000000 10.00000000 1.50000000
2.59999990 10.00000000 1.50000000
0.10000000 10.00000000 1.60000002
0.20000000 10.00000000 1.60000002
0.30000001 10.00000000 1.60000002
0.40000001 10.00000000 1.60000002
0.50000000 10.00000000 1.60000002
0.60000002 10.00000000 1.60000002
0.69999999 10.00000000 1.60000002
0.80000001 10.00000000 1.60000002
0.89999998 10.00000000 1.60000002
1.00000000 10.00000000 1.60000002
1.10000002 10.00000000 1.60000002
1.20000005 10.00000000 1.60000002
1.29999995 10.00000000 1.60000002
1.39999998 10.00000000 1.60000002
1.50000000 10.00000000 1.60000002
1.60000002 10.00000000 1.60000002
1.70000005 10.00000000 1.60000002
1.79999995 10.00000000 1.60000002
1.89999998 10.00000000 1.60000002
2.00000000 10.00000000 1.60000002
2.09999990 10.00000000 1.60000002
2.20000005 10.00000000 1.60000002
2.29999995 10.00000000 1.60000002
2.40000010 10.00000000 1.60000002
2.50000000 10.00000000 1.60000002
2.59999990 10.00000000 1.60000002
0.10000000 10.00000000 1.70000005
0.20000000 10.00000000 1.70000005
0.30000001 10.00000000 1.70000005
0.40000001 10.00000000 1.70000005
0.50000000 10.00000000 1.70000005
0.60000002 10.00000000 1.70000005
0.69999999 10.00000000 1.70000005
0.80000001 10.00000000 1.70000005
0.89999998 10.00000000 1.70000005
1.00000000 10.00000000 1.70000005
1.10000002 10.00000000 1.70000005
1.20000005 10.00000000 1.70000005
1.29999995 10.00000000 1.70000005
1.39999998 10.00000000 1.70000005
1.50000000 10.00000000 1.70000005
1.60000002 10.00000000 1.70000005
1.70000005 10.00000000 1.70000005
1.79999995 10.00000000 1.70000005
1.89999998 10.00000000 1.70000005
2.00000000 10.00000000 1.70000005
2.09999990 10.00000000 1.70000005
2.20000005 10.00000000 1.70000005
2.29999995 10.00000000 1.70000005
2.40000010 10.00000000 1.70000005
2.50000000 10.00000000 1.70000005
2.59999990 10.00000000 1.70000005
0.10000000 10.00000000 1.79999995
0.20000000 10.00000000 1.79999995
0.30000001 10.00000000 1.79999995
0.40000001 10.00000000 1.79999995
0.50000000 10.00000000 1.79999995
0.60000002 10.00000000 1.79999995
0.69999999 10.00000000 1.79999995
0.80000001 10.00000000 1.79999995
0.89999998 10.00000000 1.79999995
1.00000000 10.00000000 1.79999995
1.10000002 10.00000000 1.79999995
1.20000005 10.00000000 1.79999995
1.29999995 10.00000000 1.79999995
1.39999998 10.00000000 1.79999995
1.50000000 10.00000000 1.79999995
1.60000002 10.00000000 1.79999995
1.70000005 10.00000000 1.79999995
1.79999995 10.00000000 1.79999995
1.89999998 10.00000000 1.79999995
2.00000000 10.00000000 1.79999995
2.09999990 10.00000000 1.79999995
2.20000005 10.00000000 1.79999995
2.29999995 10.00000000 1.79999995
2.40000010 10.00000000 1.79999995
2.50000000 10.00000000 1.79999995
2.59999990 10.00000000 1.79999995
0.10000000 10.00000000 1.89999998
0.20000000 10.00000000 1.89999998
0.30000001 10.00000000 1.89999998
0.40000001 10.00000000 1.89999998
0.50000000 10.00000000 1.89999998
0.60000002 10.00000000 1.89999998
0.69999999 10.00000000 1.89999998
0.80000001 10.00000000 1.89999998
0.89999998 10.00000000 1.89999998
1.00000000 10.00000000 1.89999998
1.10000002 10.00000000 1.89999998
1.20000005 10.00000000 1.89999998
1.29999995 10.00000000 1.89999998
1.39999998 10.00000000 1.89999998
1.50000000 10.00000000 1.89999998
1.60000002 10.00000000 1.89999998
1.70000005 10.00000000 1.89999998
1.79999995 10.00000000 1.89999998
1.89999998 10.00000000 1.89999998
2.00000000 10.00000000 1.89999998
2.09999990 10.00000000 1.89999998
2.20000005 10.00000000 1.89999998
2.29999995 10.00000000 1.89999998
2.40000010 10.00000000 1.89999998
2.50000000 10.00000000 1.89999998
2.59999990 10.00000000 1.89999998
0.10000000 10.00000000 2.00000000
0.20000000 10.00000000 2.00000000
0.30000001 10.00000000 2.00000000
0.40000001 10.00000000 2.00000000
0.50000000 10.00000000 2.00000000
0.60000002 10.00000000 2.00000000
0.69999999 10.00000000 2.00000000
0.80000001 10.00000000 2.00000000
0.89999998 10.00000000 2.00000000
1.00000000 10.00000000 2.00000000
1.10000002 10.00000000 2.00000000
1.20000005 10.00000000 2.00000000
1.29999995 10.00000000 2.00000000
1.39999998 10.00000000 2.00000000
1.50000000 10.00000000 2.00000000
1.60000002 10.00000000 2.00000000
1.70000005 10.00000000 2.00000000
1.79999995 10.00000000 2.00000000
1.89999998 10.00000000 2.00000000
2.00000000 10.00000000 2.00000000
2.09999990 10.00000000 2.00000000
2.20000005 10.00000000 2.00000000
2.29999995 10.00000000 2.00000000
2.40000010 10.00000000 2.00000000
2.50000000 10.00000000 2.00000000
2.59999990 10.00000000 2.00000000
0.10000000 10.00000000 2.09999990
0.20000000 10.00000000 2.09999990
0.30000001 10.00000000 2.09999990
0.40000001 10.00000000 2.09999990
0.50000000 10.00000000 2.09999990
0.60000002 10.00000000 2.09999990
0.69999999 10.00000000 2.09999990
0.80000001 10.00000000 2.09999990
0.89999998 10.00000000 2.09999990
1.00000000 10.00000000 2.09999990
1.10000002 10.00000000 2.09999990
1.20000005 10.00000000 2.09999990
1.29999995 10.00000000 2.09999990
1.39999998 10.00000000 2.09999990
1.50000000 10.00000000 2.09999990
1.60000002 10.00000000 2.09999990
1.70000005 10.00000000 2.09999990
1.79999995 10.00000000 2.09999990
1.89999998 10.00000000 2.09999990
2.00000000 10.00000000 2.09999990
2.09999990 10.00000000 2.09999990
2.20000005 10.00000000 2.09999990
2.29999995 10.00000000 2.09999990
2.40000010 10.00000000 2.09999990
2.50000000 10.00000000 2.09999990
2.59999990 10.00000000 2.09999990
0.10000000 10.00000000 2.20000005
0.20000000 10.00000000 2.20000005
0.30000001 10.00000000 2.20000005
0.40000001 10.00000000 2.20000005
0.50000000 10.00000000 2.20000005
0.60000002 10.00000000 2.20000005
0.69999999 10.00000000 2.20000005
0.80000001 10.00000000 2.20000005
0.89999998 10.00000000 2.20000005
1.00000000 10.00000000 2.20000005
1.10000002 10.00000000 2.20000005
1.20000005 10.00000000 2.20000005
1.29999995 10.00000000 2.20000005
1.39999998 10.00000000 2.20000005
1.50000000 10.00000000 2.20000005
1.60000002 10.00000000 2.20000005
1.70000005 10.00000000 2.20000005
1.79999995 10.00000000 2.20000005
1.89999998 10.00000000 2.20000005
2.00000000 10.00000000 2.20000005
2.09999990 10.00000000 2.20000005
2.20000005 10.00000000 2.20000005
2.29999995 10.00000000 2.20000005
2.40000010 10.00000000 2.20000005
2.50000000 10.00000000 2.20000005
2.59999990 10.00000000 2.20000005
0.10000000 10.00000000 2.29999995
0.20000000 10.00000000 2.29999995
0.30000001 10.00000000 2.29999995
0.40000001 10.00000000 2.29999995
0.50000000 10.00000000 2.29999995
0.60000002 10.00000000 2.29999995
0.69999999 10.00000000 2.29999995
0.80000001 10.00000000 2.29999995
0.89999998 10.00000000 2.29999995
1.00000000 10.00000000 2.29999995
1.10000002 10.00000000 2.29999995
1.20000005 10.00000000 2.29999995
1.29999995 10.00000000 2.29999995
1.39999998 10.00000000 2.29999995
1.50000000 10.00000000 2.29999995
1.60000002 10.00000000 2.29999995
1.70000005 10.00000000 2.29999995
1.79999995 10.00000000 2.29999995
1.89999998 10.00000000 2.29999995
2.00000000 10.00000000 2.29999995
2.09999990 10.00000000 2.29999995
2.20000005 10.00000000 2.29999995
2.29999995 10.00000000 2.29999995
2.40000010 10.00000000 2.29999995
2.50000000 10.00000000 2.29999995
2.59999990 10.00000000 2.29999995
0.10000000 10.00000000 2.40000010
0.20000000 10.00000000 2.40000010
0.30000001 10.00000000 2.40000010
0.40000001 10.00000000 2.40000010
0.50000000 10.00000000 2.40000010
0.60000002 10.00000000 2.40000010
0.69999999 10.00000000 2.40000010
0.80000001 10.00000000 2.40000010
0.89999998 10.00000000 2.40000010
1.00000000 10.00000000 2.40000010
1.10000002 10.00000000 2.40000010
1.20000005 10.00000000 2.40000010
1.29999995 10.00000000 2.40000010
1.39999998 10.00000000 2.40000010
1.50000000 10.00000000 2.40000010
1.60000002 10.00000000 2.40000010
1.70000005 10.00000000 2.40000010
1.79999995 10.00000000 2.40000010
1.89999998 10.00000000 2.40000010
2.00000000 10.00000000 2.40000010
2.09999990 10.00000000 2.40000010
2.20000005 10.00000000 2.40000010
2.29999995 10.00000000 2.40000010
2.40000010 10.00000000 2.40000010
2.50000000 10.00000000 2.40000010
2.59999990 10.00000000 2.40000010
0.10000000 10.00000000 2.50000000
0.20000000 10.00000000 2.50000000
0.30000001 10.00000000 2.50000000
0.40000001 10.00000000 2.50000000
0.50000000 10.00000000 2.50000000
0.60000002 10.00000000 2.50000000
0.69999999 10.00000000 2.50000000
0.80000001 10.00000000 2.50000000
0.89999998 10.00000000 2.50000000
1.00000000 10.00000000 2.50000000
1.10000002 10.00000000 2.50000000
1.20000005 10.00000000 2.50000000
1.29999995 10.00000000 2.50000000
1.39999998 10.00000000 2.50000000
1.50000000 10.00000000 2.50000000
1.60000002 10.00000000 2.50000000
1.70000005 10.00000000 2.50000000
1.79999995 10.00000000 2.50000000
1.89999998 10.00000000 2.50000000
2.00000000 10.00000000 2.50000000
2.09999990 10.00000000 2.50000000
2.20000005 10.00000000 2.50000000
2.29999995 10.00000000 2.50000000
2.40000010 10.00000000 2.50000000
2.50000000 10.00000000 2.50000000
2.59999990 10.00000000 2.50000000
0.10000000 7.50000000 0.10000000
0.20000000 7.50000000 0.10000000
0.30000001 7.50000000 0.10000000
0.40000001 7.50000000 0.10000000
0.50000000 7.50000000 0.10000000
2.00000000 7.50000000 0.10000000
2.09999990 7.50000000 0.10000000
2.20000005 7.50000000 0.10000000
2.29999995 7.50000000 0.10000000
2.40000010 7.50000000 0.10000000
2.50000000 7.50000000 0.10000000
2.59999990 7.50000000 0.10000000
0.10000000 7.50000000 0.20000000
0.20000000 7.50000000 0.20000000
0.30000001 7.50000000 0.20000000
0.40000001 7.50000000 0.20000000
0.50000000 7.50000000 0.20000000
2.00000000 7.50000000 0.20000000
2.09999990 7.50000000 0.20000000
2.20000005 7.50000000 0.20000000
2.29999995 7.50000000 0.20000000
2.40000010 7.50000000 0.20000000
2.50000000 7.50000000 0.20000000
2.59999990 7.50000000 0.20000000
0.10000000 7.50000000 0.30000001
0.20000000 7.50000000 0.30000001
0.30000001 7.50000000 0.30000001
0.40000001 7.50000000 0.30000001
0.50000000 7.50000000 0.30000001
2.00000000 7.50000000 0.30000001
2.09999990 7.50000000 0.30000001
2.20000005 7.50000000 0.30000001
2.29999995 7.50000000 0.30000001
2.40000010 7.50000000 0.30000001
2.50000000 7.50000000 0.30000001
2.59999990 7.50000000 0.30000001
0.10000000 7.50000000 0.40000001
0.20000000 7.50000000 0.40000001
0.30000001 7.50000000 0.40000001
0.40000001 7.50000000 0.40000001
0.50000000 7.50000000 0.40000001
2.00000000 7.50000000 0.40000001
2.09999990 7.50000000 0.40000001
2.20000005 7.50000000 0.40000001
2.29999995 7.50000000 0.40000001
2.40000010 7.50000000 0.40000001
2.50000000 7.50000000 0.40000001
2.59999990 7.50000000 0.40000001
0.10000000 7.50000000 0.50000000
0.20000000 7.50000000 0.50000000
0.30000001 7.50000000 0.50000000
0.40000001 7.50000000 0.50000000
0.50000000 7.50000000 0.50000000
2.00000000 7.50000000 0.50000000
2.09999990 7.50000000 0.50000000
2.20000005 7.50000000 0.50000000
2.29999995 7.50000000 0.50000000
2.40000010 7.50000000 0.50000000
2.50000000 7.50000000 0.50000000
2.59999990 7.50000000 0.50000000
0.10000000 7.50000000 0.60000002
0.20000000 7.50000000 0.60000002
0.30000001 7.50000000 0.60000002
0.40000001 7.50000000 0.60000002
0.50000000 7.50000000 0.60000002
2.00000000 7.50000000 0.60000002
2.09999990 7.50000000 0.60000002
2.20000005 7.50000000 0.60000002
2.29999995 7.50000000 0.60000002
2.40000010 7.50000000 0.60000002
2.50000000 7.50000000 0.60000002
2.59999990 7.50000000 0.60000002
0.10000000 7.50000000 0.69999999
0.20000000 7.50000000 0.69999999
0.30000001 7.50000000 0.69999999
0.40000001 7.50000000 0.69999999
0.50000000 7.50000000 0.69999999
2.00000000 7.50000000 0.69999999
2.09999990 7.50000000 0.69999999
2.20000005 7.50000000 0.69999999
2.29999995 7.50000000 0.69999999
2.40000010 7.50000000 0.69999999
2.50000000 7.50000000 0.69999999
2.59999990 7.50000000 0.69999999
0.10000000 7.50000000 0.80000001
0.20000000 7.50000000 0.80000001
0.30000001 7.50000000 0.80000001
0.40000001 7.50000000 0.80000001
0.50000000 7.50000000 0.80000001
2.00000000 7.50000000 0.80000001
2.09999990 7.50000000 0.80000001
2.20000005 7.50000000 0.80000001
2.29999995 7.50000000 0.80000001
2.40000010 7.50000000 0.80000001
2.50000000 7.50000000 0.80000001
2.59999990 7.50000000 0.80000001
0.10000000 7.50000000 0.89999998
0.20000000 7.50000000 0.89999998
0.30000001 7.50000000 0.89999998
0.40000001 7.50000000 0.89999998
0.50000000 7.50000000 0.89999998
2.00000000 7.50000000 0.89999998
2.09999990 7.50000000 0.89999998
2.20000005 7.50000000 0.89999998
2.29999995 7.50000000 0.89999998
2.40000010 7.50000000 0.89999998
2.50000000 7.50000000 0.89999998
2.59999990 7.50000000 0.89999998
0.10000000 7.50000000 1.00000000
0.20000000 7.50000000 1.00000000
0.30000001 7.50000000 1.00000000
0.40000001 7.50000000 1.00000000
0.50000000 7.50000000 1.00000000
2.00000000 7.50000000 1.00000000
2.09999990 7.50000000 1.00000000
2.20000005 7.50000000 1.00000000
2.29999995 7.50000000 1.00000000
2.40000010 7.50000000 1.00000000
2.50000000 7.50000000 1.00000000
2.59999990 7.50000000 1.00000000
0.10000000 7.50000000 1.10000002
0.20000000 7.50000000 1.10000002
0.30000001 7.50000000 1.10000002
0.40000001 7.50000000 1.10000002
0.50000000 7.50000000 1.10000002
2.00000000 7.50000000 1.10000002
2.09999990 7.50000000 1.10000002
2.20000005 7.50000000 1.10000002
2.29999995 7.50000000 1.10000002
2.40000010 7.50000000 1.10000002
2.50000000 7.50000000 1.10000002
2.59999990 7.50000000 1.10000002
0.10000000 7.50000000 1.20000005
0.20000000 7.50000000 1.20000005
0.30000001 7.50000000 1.20000005
0.40000001 7.50000000 1.20000005
0.50000000 7.50000000 1.20000005
2.00000000 7.50000000 1.20000005
2.09999990 7.50000000 1.20000005
2.20000005 7.50000000 1.20000005
2.29999995 7.50000000 1.20000005
2.40000010 7.50000000 1.20000005
2.50000000 7.50000000 1.20000005
2.59999990 7.50000000 1.20000005
0.10000000 7.50000000 1.29999995
0.20000000 7.50000000 1.29999995
0.30000001 7.50000000 1.29999995
0.40000001 7.50000000 1.29999995
0.50000000 7.50000000 1.29999995
2.00000000 7.50000000 1.29999995
2.09999990 7.50000000 1.29999995
2.20000005 7.50000000 1.29999995
2.29999995 7.50000000 1.29999995
2.40000010 7.50000000 1.29999995
2.50000000 7.50000000 1.29999995
2.59999990 7.50000000 1.29999995
0.10000000 7.50000000 1.39999998
0.20000000 7.50000000 1.39999998
0.30000001 7.50000000 1.39999998
0.40000001 7.50000000 1.39999998
0.50000000 7.50000000 1.39999998
2.00000000 7.50000000 1.39999998
2.09999990 7.50000000 1.39999998
2.20000005 7.50000000 1.39999998
2.29999995 7.50000000 1.39999998
2.40000010 7.50000000 1.39999998
2.50000000 7.50000000 1.39999998
2.59999990 7.50000000 1.39999998
0.10000000 7.50000000 1.50000000
0.20000000 7.50000000 1.50000000
0.30000001 7.50000000 1.50000000
0.40000001 7.50000000 1.50000000
0.50000000 7.50000000 1.50000000
2.00000000 7.50000000 1.50000000
2.09999990 7.50000000 1.50000000
2.20000005 7.50000000 1.50000000
2.29999995 7.50000000 1.50000000
2.40000010 7.50000000 1.50000000
2.50000000 7.50000000 1.50000000
2.59999990 7.50000000 1.50000000
0.10000000 7.50000000 1.60000002
0.20000000 7.50000000 1.60000002
0.30000001 7.50000000 1.60000002
0.40000001 7.50000000 1.60000002
0.50000000 7.50000000 1.60000002
2.00000000 7.50000000 1.60000002
2.09999990 7.50000000 1.60000002
2.20000005 7.50000000 1.60000002
2.29999995 7.50000000 1.60000002
2.40000010 7.50000000 1.60000002
2.50000000 7.50000000 1.60000002
2.59999990 7.50000000 1.60000002
0.10000000 7.50000000 1.70000005
0.20000000 7.50000000 1.70000005
0.30000001 7.50000000 1.70000005
0.40000001 7.50000000 1.70000005
0.50000000 7.50000000 1.70000005
2.00000000 7.50000000 1.70000005
2.09999990 7.50000000 1.70000005
2.20000005 7.50000000 1.70000005
2.29999995 7.50000000 1.70000005
2.40000010 7.50000000 1.70000005
2.50000000 7.50000000 1.70000005
2.59999990 7.50000000 1.70000005
0.10000000 7.50000000 1.79999995
0.20000000 7.50000000 1.79999995
0.30000001 7.50000000 1.79999995
0.40000001 7.50000000 1.79999995
0.50000000 7.50000000 1.79999995
2.00000000 7.50000000 1.79999995
2.09999990 7.50000000 1.79999995
2.20000005 7.50000000 1.79999995
2.29999995 7.50000000 1.79999995
2.40000010 7.50000000 1.79999995
2.50000000 7.50000000 1.79999995
2.59999990 7.50000000 1.79999995
0.10000000 7.50000000 1.89999998
0.20000000 7.50000000 1.89999998
0.30000001 7.50000000 1.89999998
0.40000001 7.50000000 1.89999998
0.50000000 7.50000000 1.89999998
2.00000000 7.50000000 1.89999998
2.09999990 7.50000000 1.89999998
2.20000005 7.50000000 1.89999998
2.29999995 7.50000000 1.89999998
2.40000010 7.50000000 1.89999998
2.50000000 7.50000000 1.89999998
2.59999990 7.50000000 1.89999998
0.10000000 7.50000000 2.00000000
0.20000000 7.50000000 2.00000000
0.30000001 7.50000000 2.00000000
0.40000001 7.50000000 2.00000000
0.50000000 7.50000000 2.00000000
2.00000000 7.50000000 2.00000000
2.09999990 7.50000000 2.00000000
2.20000005 7.50000000 2.00000000
2.29999995 7.50000000 2.00000000
2.40000010 7.50000000 2.00000000
2.50000000 7.50000000 2.00000000
2.59999990 7.50000000 2.00000000
0.10000000 7.50000000 2.09999990
0.20000000 7.50000000 2.09999990
0.30000001 7.50000000 2.09999990
0.40000001 7.50000000 2.09999990
0.50000000 7.50000000 2.09999990
2.00000000 7.50000000 2.09999990
2.09999990 7.50000000 2.09999990
2.20000005 7.50000000 2.09999990
2.29999995 7.50000000 2.09999990
2.40000010 7.50000000 2.09999990
2.50000000 7.50000000 2.09999990
2.59999990 7.50000000 2.09999990
0.10000000 7.50000000 2.20000005
0.20000000 7.50000000 2.20000005
0.30000001 7.50000000 2.20000005
0.40000001 7.50000000 2.20000005
0.50000000 7.50000000 2.20000005
2.00000000 7.50000000 2.20000005
2.09999990 7.50000000 2.20000005
2.20000005 7.50000000 2.20000005
2.29999995 7.50000000 2.20000005
2.40000010 7.50000000 2.20000005
2.50000000 7.50000000 2.20000005
2.59999990 7.50000000 2.20000005
0.10000000 7.50000000 2.29999995
0.20000000 7.50000000 2.29999995
0.30000001 7.50000000 2.29999995
0.40000001 7.50000000 2.29999995
0.50000000 7.50000000 2.29999995
2.00000000 7.50000000 2.29999995
2.09999990 7.50000000 2.29999995
2.20000005 7.50000000 2.29999995
2.29999995 7.50000000 2.29999995
2.40000010 7.50000000 2.29999995
2.50000000 7.50000000 2.29999995
2.59999990 7.50000000 2.29999995
0.10000000 7.50000000 2.40000010
0.20000000 7.50000000 2.40000010
0.30000001 7.50000000 2.40000010
0.40000001 7.50000000 2.40000010
0.50000000 7.50000000 2.40000010
2.00000000 7.50000000 2.40000010
2.09999990 7.50000000 2.40000010
2.20000005 7.50000000 2.40000010
2.29999995 7.50000000 2.40000010
2.40000010 7.50000000 2.40000010
2.50000000 7.50000000 2.40000010
2.59999990 7.50000000 2.40000010
0.10000000 7.50000000 2.50000000
0.20000000 7.50000000 2.50000000
0.30000001 7.50000000 2.50000000
0.40000001 7.50000000 2.50000000
0.50000000 7.50000000 2.50000000
2.00000000 7.50000000 2.50000000
2.09999990 7.50000000 2.50000000
2.20000005 7.50000000 2.50000000
2.29999995 7.50000000 2.50000000
2.40000010 7.50000000 2.50000000
2.50000000 7.50000000 2.50000000
2.59999990 7.50000000 2.50000000
0.10000000 7.50000000 2.50000000
0.10000000 7.59999990 2.50000000
0.10000000 7.69999981 2.50000000
0.10000000 7.80000019 2.50000000
0.10000000 7.90000010 2.50000000
0.10000000 8.00000000 2.50000000
0.10000000 8.10000038 2.50000000
0.10000000 8.19999981 2.50000000
0.10000000 8.30000019 2.50000000
0.10000000 8.39999962 2.50000000
0.10000000 8.50000000 2.50000000
0.10000000 8.60000038 2.50000000
0.10000000 8.69999981 2.50000000
0.10000000 8.80000019 2.50000000
0.10000000 8.89999962 2.50000000
0.10000000 9.00000000 2.50000000
0.10000000 9.10000038 2.50000000
0.10000000 9.19999981 2.50000000
0.10000000 9.30000019 2.50000000
0.10000000 9.39999962 2.50000000
0.10000000 9.50000000 2.50000000
0.10000000 9.60000038 2.50000000
0.10000000 9.69999981 2.50000000
0.10000000 9.80000019 2.50000000
0.10000000 9.89999962 2.50000000
0.10000000 10.00000000 2.50000000
0.20000000 7.50000000 2.50000000
0.20000000 7.59999990 2.50000000
0.20000000 7.69999981 2.50000000
0.20000000 7.80000019 2.50000000
0.20000000 7.90000010 2.50000000
0.20000000 8.00000000 2.50000000
0.20000000 8.10000038 2.50000000
0.20000000 8.19999981 2.50000000
0.20000000 8.30000019 2.50000000
0.20000000 8.39999962 2.50000000
0.20000000 8.50000000 2.50000000
0.20000000 8.60000038 2.50000000
0.20000000 8.69999981 2.50000000
0.20000000 8.80000019 2.50000000
0.20000000 8.89999962 2.50000000
0.20000000 9.00000000 2.50000000
0.20000000 9.10000038 2.50000000
0.20000000 9.19999981 2.50000000
0.20000000 9.30000019 2.50000000
0.20000000 9.39999962 2.50000000
0.20000000 9.50000000 2.50000000
0.20000000 9.60000038 2.50000000
0.20000000 9.69999981 2.50000000
0.20000000 9.80000019 2.50000000
0.20000000 9.89999962 2.50000000
0.20000000 10.00000000 2.50000000
0.30000001 7.50000000 2.50000000
0.30000001 7.59999990 2.50000000
0.30000001 7.69999981 2.50000000
0.30000001 7.80000019 2.50000000
0.30000001 7.90000010 2.50000000
0.30000001 8.00000000 2.50000000
0.30000001 8.10000038 2.50000000
0.30000001 8.19999981 2.50000000
0.30000001 8.30000019 2.50000000
0.30000001 8.39999962 2.50000000
0.30000001 8.50000000 2.50000000
0.30000001 8.60000038 2.50000000
0.30000001 8.69999981 2.50000000
0.30000001 8.80000019 2.50000000
0.30000001 8.89999962 2.50000000
0.30000001 9.00000000 2.50000000
0.30000001 9.10000038 2.50000000
0.30000001 9.19999981 2.50000000
0.30000001 9.30000019 2.50000000
0.30000001 9.39999962 2.50000000
0.30000001 9.50000000 2.50000000
0.30000001 9.60000038 2.50000000
0.30000001 9.69999981 2.50000000
0.30000001 9.80000019 2.50000000
0.30000001 9.89999962 2.50000000
0.30000001 10.00000000 2.50000000
0.40000001 7.50000000 2.50000000
0.40000001 7.59999990 2.50000000
0.40000001 7.69999981 2.50000000
0.40000001 7.80000019 2.50000000
0.40000001 7.90000010 2.50000000
0.40000001 8.00000000 2.50000000
0.40000001 8.10000038 2.50000000
0.40000001 8.19999981 2.50000000
0.40000001 8.30000019 2.50000000
0.40000001 8.39999962 2.50000000
0.40000001 8.50000000 2.50000000
0.40000001 8.60000038 2.50000000
0.40000001 8.69999981 2.50000000
0.40000001 8.80000019 2.50000000
0.40000001 8.89999962 2.50000000
0.40000001 9.00000000 2.50000000
0.40000001 9.10000038 2.50000000
0.40000001 9.19999981 2.50000000
0.40000001 9.30000019 2.50000000
0.40000001 9.39999962 2.50000000
0.40000001 9.50000000 2.50000000
0.40000001 9.60000038 2.50000000
0.40000001 9.69999981 2.50000000
0.40000001 9.80000019 2.50000000
0.40000001 9.89999962 2.50000000
0.40000001 10.00000000 2.50000000
0.50000000 7.50000000 2.50000000
0.50000000 7.59999990 2.50000000
0.50000000 7.69999981 2.50000000
0.50000000 7.80000019 2.50000000
0.50000000 7.90000010 2.50000000
0.50000000 8.00000000 2.50000000
0.50000000 8.10000038 2.50000000
0.50000000 8.19999981 2.50000000
0.50000000 8.30000019 2.50000000
0.50000000 8.39999962 2.50000000
0.50000000 8.50000000 2.50000000
0.50000000 8.60000038 2.50000000
0.50000000 8.69999981 2.50000000
0.50000000 8.80000019 2.50000000
0.50000000 8.89999962 2.50000000
0.50000000 9.00000000 2.50000000
0.50000000 9.10000038 2.50000000
0.50000000 9.19999981 2.50000000
0.50000000 9.30000019 2.50000000
0.50000000 9.39999962 2.50000000
0.50000000 9.50000000 2.50000000
0.50000000 9.60000038 2.50000000
0.50000000 9.69999981 2.50000000
0.50000000 9.80000019 2.50000000
0.50000000 9.89999962 2.50000000
0.50000000 10.00000000 2.50000000
0.60000002 8.50000000 2.50000000
0.60000002 8.60000038 2.50000000
0.60000002 8.69999981 2.50000000
0.60000002 8.80000019 2.50000000
0.60000002 8.89999962 2.50000000
0.60000002 9.00000000 2.50000000
0.60000002 9.10000038 2.50000000
0.60000002 9.19999981 2.50000000
0.60000002 9.30000019 2.50000000
0.60000002 9.39999962 2.50000000
0.60000002 9.50000000 2.50000000
0.60000002 9.60000038 2.50000000
0.60000002 9.69999981 2.50000000
0.60000002 9.80000019 2.50000000
0.60000002 9.89999962 2.50000000
0.60000002 10.00000000 2.50000000
0.69999999 8.50000000 2.50000000
0.69999999 8.60000038 2.50000000
0.69999999 8.69999981 2.50000000
0.69999999 8.80000019 2.50000000
0.69999999 8.89999962 2.50000000
0.69999999 9.00000000 2.50000000
0.69999999 9.10000038 2.50000000
0.69999999 9.19999981 2.50000000
0.69999999 9.30000019 2.50000000
0.69999999 9.39999962 2.50000000
0.69999999 9.50000000 2.50000000
0.69999999 9.60000038 2.50000000
0.69999999 9.69999981 2.50000000
0.69999999 9.80000019 2.50000000
0.69999999 9.89999962 2.50000000
0.69999999 10.00000000 2.50000000
0.80000001 8.50000000 2.50000000
0.80000001 8.60000038 2.50000000
0.80000001 8.69999981 2.50000000
0.80000001 8.80000019 2.50000000
0.80000001 8.89999962 2.50000000
0.80000001 9.00000000 2.50000000
0.80000001 9.10000038 2.50000000
0.80000001 9.19999981 2.50000000
0.80000001 9.30000019 2.50000000
0.80000001 9.39999962 2.50000000
0.80000001 9.50000000 2.50000000
0.80000001 9.60000038 2.50000000
0.80000001 9.69999981 2.50000000
0.80000001 9.80000019 2.50000000
0.80000001 9.89999962 2.50000000
0.80000001 10.00000000 2.50000000
0.89999998 8.50000000 2.50000000
0.89999998 8.60000038 2.50000000
0.89999998 8.69999981 2.50000000
0.89999998 8.80000019 2.50000000
0.89999998 8.89999962 2.50000000
0.89999998 9.00000000 2.50000000
0.89999998 9.10000038 2.50000000
0.89999998 9.19999981 2.50000000
0.89999998 9.30000019 2.50000000
0.89999998 9.39999962 2.50000000
0.89999998 9.50000000 2.50000000
0.89999998 9.60000038 2.50000000
0.89999998 9.69999981 2.50000000
0.89999998 9.80000019 2.50000000
0.89999998 9.89999962 2.50000000
0.89999998 10.00000000 2.50000000
1.00000000 8.50000000 2.50000000
1.00000000 8.60000038 2.50000000
1.00000000 8.69999981 2.50000000
1.00000000 8.80000019 2.50000000
1.00000000 8.89999962 2.50000000
1.00000000 9.00000000 2.50000000
1.00000000 9.10000038 2.50000000
1.00000000 9.19999981 2.50000000
1.00000000 9.30000019 2.50000000
1.00000000 9.39999962 2.50000000
1.00000000 9.50000000 2.50000000
1.00000000 9.60000038 2.50000000
1.00000000 9.69999981 2.50000000
1.00000000 9.80000019 2.50000000
1.00000000 9.89999962 2.50000000
1.00000000 10.00000000 2.50000000
1.10000002 8.50000000 2.50000000
1.10000002 8.60000038 2.50000000
1.10000002 8.69999981 2.50000000
1.10000002 8.80000019 2.50000000
1.10000002 8.89999962 2.50000000
1.10000002 9.00000000 2.50000000
1.10000002 9.10000038 2.50000000
1.10000002 9.19999981 2.50000000
1.10000002 9.30000019 2.50000000
1.10000002 9.39999962 2.50000000
1.10000002 9.50000000 2.50000000
1.10000002 9.60000038 2.50000000
1.10000002 9.69999981 2.50000000
1.10000002 9.80000019 2.50000000
1.10000002 9.89999962 2.50000000
1.10000002 10.00000000 2.50000000
1.20000005 8.50000000 2.50000000
1.20000005 8.60000038 2.50000000
1.20000005 8.69999981 2.50000000
1.20000005 8.80000019 2.50000000
1.20000005 8.89999962 2.50000000
1.20000005 9.00000000 2.50000000
1.20000005 9.10000038 2.50000000
1.20000005 9.19999981 2.50000000
1.20000005 9.30000019 2.50000000
1.20000005 9.39999962 2.50000000
1.20000005 9.50000000 2.50000000
1.20000005 9.60000038 2.50000000
1.20000005 9.69999981 2.50000000
1.20000005 9.80000019 2.50000000
1.20000005 9.89999962 2.50000000
1.20000005 10.00000000 2.50000000
1.29999995 8.50000000 2.50000000
1.29999995 8.60000038 2.50000000
1.29999995 8.69999981 2.50000000
1.29999995 8.80000019 2.50000000
1.29999995 8.89999962 2.50000000
1.29999995 9.00000000 2.50000000
1.29999995 9.10000038 2.50000000
1.29999995 9.19999981 2.50000000
1.29999995 9.30000019 2.50000000
1.29999995 9.39999962 2.50000000
1.29999995 9.50000000 2.50000000
1.29999995 9.60000038 2.50000000
1.29999995 9.69999981 2.50000000
1.29999995 9.80000019 2.50000000
1.29999995 9.89999962 2.50000000
1.29999995 10.00000000 2.50000000
1.39999998 8.50000000 2.50000000
1.39999998 8.60000038 2.50000000
1.39999998 8.69999981 2.50000000
1.39999998 8.80000019 2.50000000
1.39999998 8.89999962 2.50000000
1.39999998 9.00000000 2.50000000
1.39999998 9.10000038 2.50000000
1.39999998 9.19999981 2.50000000
1.39999998 9.30000019 2.50000000
1.39999998 9.39999962 2.50000000
1.39999998 9.50000000 2.50000000
1.39999998 9.60000038 2.50000000
1.39999998 9.69999981 2.50000000
1.39999998 9.80000019 2.50000000
1.39999998 9.89999962 2.50000000
1.39999998 10.00000000 2.50000000
1.50000000 8.50000000 2.50000000
1.50000000 8.60000038 2.50000000
1.50000000 8.69999981 2.50000000
1.50000000 8.80000019 2.50000000
1.50000000 8.89999962 2.50000000
1.50000000 9.00000000 2.50000000
1.50000000 9.10000038 2.50000000
1.50000000 9.19999981 2.50000000
1.50000000 9.30000019 2.50000000
1.50000000 9.39999962 2.50000000
1.50000000 9.50000000 2.50000000
1.50000000 9.60000038 2.50000000
1.50000000 9.69999981 2.50000000
1.50000000 9.80000019 2.50000000
1.50000000 9.89999962 2.50000000
1.50000000 10.00000000 2.50000000
1.60000002 8.50000000 2.50000000
1.60000002 8.60000038 2.50000000
1.60000002 8.69999981 2.50000000
1.60000002 8.80000019 2.50000000
1.60000002 8.89999962 2.50000000
1.60000002 9.00000000 2.50000000
1.60000002 9.10000038 2.50000000
1.60000002 9.19999981 2.50000000
1.60000002 9.30000019 2.50000000
1.60000002 9.39999962 2.50000000
1.60000002 9.50000000 2.50000000
1.60000002 9.60000038 2.50000000
1.60000002 9.69999981 2.50000000
1.60000002 9.80000019 2.50000000
1.60000002 9.89999962 2.50000000
1.60000002 10.00000000 2.50000000
1.70000005 8.00000000 2.50000000
1.70000005 8.10000038 2.50000000
1.70000005 8.19999981 2.50000000
1.70000005 8.30000019 2.50000000
1.70000005 8.39999962 2.50000000
1.70000005 8.50000000 2.50000000
1.70000005 8.60000038 2.50000000
1.70000005 8.69999981 2.50000000
1.70000005 8.80000019 2.50000000
1.70000005 8.89999962 2.50000000
1.70000005 9.00000000 2.50000000
1.70000005 9.10000038 2.50000000
1.70000005 9.19999981 2.50000000
1.70000005 9.30000019 2.50000000
1.70000005 9.39999962 2.50000000
1.70000005 9.50000000 2.50000000
1.70000005 9.60000038 2.50000000
1.70000005 9.69999981 2.50000000
1.70000005 9.80000019 2.50000000
1.70000005 9.89999962 2.50000000
1.70000005 10.00000000 2.50000000
1.79999995 8.00000000 2.50000000
1.79999995 8.10000038 2.50000000
1.79999995 8.19999981 2.50000000
1.79999995 8.30000019 2.50000000
1.79999995 8.39999962 2.50000000
1.79999995 8.50000000 2.50000000
1.79999995 8.60000038 2.50000000
1.79999995 8.69999981 2.50000000
1.79999995 8.80000019 2.50000000
1.79999995 8.89999962 2.50000000
1.79999995 9.00000000 2.50000000
1.79999995 9.10000038 2.50000000
1.79999995 9.19999981 2.50000000
1.79999995 9.30000019 2.50000000
1.79999995 9.39999962 2.50000000
1.79999995 9.50000000 2.50000000
1.79999995 9.60000038 2.50000000
1.79999995 9.69999981 2.50000000
1.79999995 9.80000019 2.50000000
1.79999995 9.89999962 2.50000000
1.79999995 10.00000000 2.50000000
1.89999998 8.00000000 2.50000000
1.89999998 8.10000038 2.50000000
1.89999998 8.19999981 2.50000000
1.89999998 8.30000019 2.50000000
1.89999998 8.39999962 2.50000000
1.89999998 8.50000000 2.50000000
1.89999998 8.60000038 2.50000000
1.89999998 8.69999981 2.50000000
1.89999998 8.80000019 2.50000000
1.89999998 8.89999962 2.50000000
1.89999998 9.00000000 2.50000000
1.89999998 9.10000038 2.50000000
1.89999998 9.19999981 2.50000000
1.89999998 9.30000019 2.50000000
1.89999998 9.39999962 2.50000000
1.89999998 9.50000000 2.50000000
1.89999998 9.60000038 2.50000000
1.89999998 9.69999981 2.50000000
1.89999998 9.80000019 2.50000000
1.89999998 9.89999962 2.50000000
1.89999998 10.00000000 2.50000000
2.00000000 7.50000000 2.50000000
2.00000000 7.59999990 2.50000000
2.00000000 7.69999981 2.50000000
2.00000000 7.80000019 2.50000000
2.00000000 7.90000010 2.50000000
2.00000000 8.00000000 2.50000000
2.00000000 8.10000038 2.50000000
2.00000000 8.19999981 2.50000000
2.00000000 8.30000019 2.50000000
2.00000000 8.39999962 2.50000000
2.00000000 8.50000000 2.50000000
2.00000000 8.60000038 2.50000000
2.00000000 8.69999981 2.50000000
2.00000000 8.80000019 2.50000000
2.00000000 8.89999962 2.50000000
2.00000000 9.00000000 2.50000000
2.00000000 9.10000038 2.50000000
2.00000000 9.19999981 2.50000000
2.00000000 9.30000019 2.50000000
2.00000000 9.39999962 2.50000000
2.00000000 9.50000000 2.50000000
2.00000000 9.60000038 2.50000000
2.00000000 9.69999981 2.50000000
2.00000000 9.80000019 2.50000000
2.00000000 9.89999962 2.50000000
2.00000000 10.00000000 2.50000000
2.09999990 7.50000000 2.50000000
2.09999990 7.59999990 2.50000000
2.09999990 7.69999981 2.50000000
2.09999990 7.80000019 2.50000000
2.09999990 7.90000010 2.50000000
2.09999990 8.00000000 2.50000000
2.09999990 8.10000038 2.50000000
2.09999990 8.19999981 2.50000000
2.09999990 8.30000019 2.50000000
2.09999990 8.39999962 2.50000000
2.09999990 8.50000000 2.50000000
2.09999990 8.60000038 2.50000000
2.09999990 8.69999981 2.50000000
2.09999990 8.80000019 2.50000000
2.09999990 8.89999962 2.50000000
2.09999990 9.00000000 2.50000000
2.09999990 9.10000038 2.50000000
2.09999990 9.19999981 2.50000000
2.09999990 9.30000019 2.50000000
2.09999990 9.39999962 2.50000000
2.09999990 9.50000000 2.50000000
2.09999990 9.60000038 2.50000000
2.09999990 9.69999981 2.50000000
2.09999990 9.80000019 2.50000000
2.09999990 9.89999962 2.50000000
2.09999990 10.00000000 2.50000000
2.20000005 7.50000000 2.50000000
2.20000005 7.59999990 2.50000000
2.20000005 7.69999981 2.50000000
2.20000005 7.80000019 2.50000000
2.20000005 7.90000010 2.50000000
2.20000005 8.00000000 2.50000000
2.20000005 8.10000038 2.50000000
2.20000005 8.19999981 2.50000000
2.20000005 8.30000019 2.50000000
2.20000005 8.39999962 2.50000000
2.20000005 8.50000000 2.50000000
2.20000005 8.60000038 2.50000000
2.20000005 8.69999981 2.50000000
2.20000005 8.80000019 2.50000000
2.20000005 8.89999962 2.50000000
2.20000005 9.00000000 2.50000000
2.20000005 9.10000038 2.50000000
2.20000005 9.19999981 2.50000000
2.20000005 9.30000019 2.50000000
2.20000005 9.39999962 2.50000000
2.20000005 9.50000000 2.50000000
2.20000005 9.60000038 2.50000000
2.20000005 9.69999981 2.50000000
2.20000005 9.80000019 2.50000000
2.20000005 9.89999962 2.50000000
2.20000005 10.00000000 2.50000000
2.29999995 7.50000000 2.50000000
2.29999995 7.59999990 2.50000000
2.29999995 7.69999981 2.50000000
2.29999995 7.80000019 2.50000000
2.29999995 7.90000010 2.50000000
2.29999995 8.00000000 2.50000000
2.29999995 8.10000038 2.50000000
2.29999995 8.19999981 2.50000000
2.29999995 8.30000019 2.50000000
2.29999995 8.39999962 2.50000000
2.29999995 8.50000000 2.50000000
2.29999995 8.60000038 2.50000000
2.29999995 8.69999981 2.50000000
2.29999995 8.80000019 2.50000000
2.29999995 8.89999962 2.50000000
2.29999995 9.00000000 2.50000000
2.29999995 9.10000038 2.50000000
2.29999995 9.19999981 2.50000000
2.29999995 9.30000019 2.50000000
2.29999995 9.39999962 2.50000000
2.29999995 9.50000000 2.50000000
2.29999995 9.60000038 2.50000000
2.29999995 9.69999981 2.50000000
2.29999995 9.80000019 2.50000000
2.29999995 9.89999962 2.50000000
2.29999995 10.00000000 2.50000000
2.40000010 7.50000000 2.50000000
2.40000010 7.59999990 2.50000000
2.40000010 7.69999981 2.50000000
2.40000010 7.80000019 2.50000000
2.40000010 7.90000010 2.50000000
2.40000010 8.00000000 2.50000000
2.40000010 8.10000038 2.50000000
2.40000010 8.19999981 2.50000000
2.40000010 8.30000019 2.50000000
2.40000010 8.39999962 2.50000000
2.40000010 8.50000000 2.50000000
2.40000010 8.60000038 2.50000000
2.40000010 8.69999981 2.50000000
2.40000010 8.80000019 2.50000000
2.40000010 8.89999962 2.50000000
2.40000010 9.00000000 2.50000000
2.40000010 9.10000038 2.50000000
2.40000010 9.19999981 2.50000000
2.40000010 9.30000019 2.50000000
2.40000010 9.39999962 2.50000000
2.40000010 9.50000000 2.50000000
2.40000010 9.60000038 2.50000000
2.40000010 9.69999981 2.50000000
2.40000010 9.80000019 2.50000000
2.40000010 9.89999962 2.50000000
2.40000010 10.00000000 2.50000000
2.50000000 7.50000000 2.50000000
2.50000000 7.59999990 2.50000000
2.50000000 7.69999981 2.50000000
2.50000000 7.80000019 2.50000000
2.50000000 7.90000010 2.50000000
2.50000000 8.00000000 2.50000000
2.50000000 8.10000038 2.50000000
2.50000000 8.19999981 2.50000000
2.50000000 8.30000019 2.50000000
2.50000000 8.39999962 2.50000000
2.50000000 8.50000000 2.50000000
2.50000000 8.60000038 2.50000000
2.50000000 8.69999981 2.50000000
2.50000000 8.80000019 2.50000000
2.50000000 8.89999962 2.50000000
2.50000000 9.00000000 2.50000000
2.50000000 9.10000038 2.50000000
2.50000000 9.19999981 2.50000000
2.50000000 9.30000019 2.50000000
2.50000000 9.39999962 2.50000000
2.50000000 9.50000000 2.50000000
2.50000000 9.60000038 2.50000000
2.50000000 9.69999981 2.50000000
2.50000000 9.80000019 2.50000000
2.50000000 9.89999962 2.50000000
2.50000000 10.00000000 2.50000000
2.59999990 7.50000000 2.50000000
2.59999990 7.59999990 2.50000000
2.59999990 7.69999981 2.50000000
2.59999990 7.80000019 2.50000000
2.59999990 7.90000010 2.50000000
2.59999990 8.00000000 2.50000000
2.59999990 8.10000038 2.50000000
2.59999990 8.19999981 2.50000000
2.59999990 8.30000019 2.50000000
2.59999990 8.39999962 2.50000000
2.59999990 8.50000000 2.50000000
2.59999990 8.60000038 2.50000000
2.59999990 8.69999981 2.50000000
2.59999990 8.80000019 2.50000000
2.59999990 8.89999962 2.50000000
2.59999990 9.00000000 2.50000000
2.59999990 9.10000038 2.50000000
2.59999990 9.19999981 2.50000000
2.59999990 9.30000019 2.50000000
2.59999990 9.39999962 2.50000000
2.59999990 9.50000000 2.50000000
2.59999990 9.60000038 2.50000000
2.59999990 9.69999981 2.50000000
2.59999990 9.80000019 2.50000000
2.59999990 9.89999962 2.50000000
2.59999990 10.00000000 2.50000000
1.70000005 7.50000000 0.00000000
1.79999995 7.50000000 0.00000000
1.89999998 7.50000000 0.00000000
1.70000005 7.59999990 0.00000000
1.79999995 7.59999990 0.00000000
1.89999998 7.59999990 0.00000000
1.70000005 7.69999981 0.00000000
1.79999995 7.69999981 0.00000000
1.89999998 7.69999981 0.00000000
1.70000005 7.80000019 0.00000000
1.79999995 7.80000019 0.00000000
1.89999998 7.80000019 0.00000000
1.70000005 7.90000010 0.00000000
1.79999995 7.90000010 0.00000000
1.89999998 7.90000010 0.00000000
1.70000005 7.50000000 0.10000000
1.79999995 7.50000000 0.10000000
1.89999998 7.50000000 0.10000000
1.70000005 7.50000000 0.20000000
1.79999995 7.50000000 0.20000000
1.89999998 7.50000000 0.20000000
1.70000005 7.50000000 0.30000001
1.79999995 7.50000000 0.30000001
1.89999998 7.50000000 0.30000001
1.70000005 7.50000000 0.40000001
1.79999995 7.50000000 0.40000001
1.89999998 7.50000000 0.40000001
1.70000005 7.50000000 0.50000000
1.79999995 7.50000000 0.50000000
1.89999998 7.50000000 0.50000000
1.70000005 7.50000000 0.60000002
1.79999995 7.50000000 0.60000002
1.89999998 7.50000000 0.60000002
1.70000005 7.50000000 0.69999999
1.79999995 7.50000000 0.69999999
1.89999998 7.50000000 0.69999999
1.70000005 7.50000000 0.80000001
1.79999995 7.50000000 0.80000001
1.89999998 7.50000000 0.80000001
1.70000005 7.50000000 0.89999998
1.79999995 7.50000000 0.89999998
1.89999998 7.50000000 0.89999998
1.70000005 7.50000000 1.00000000
1.79999995 7.50000000 1.00000000
1.89999998 7.50000000 1.00000000
1.70000005 7.50000000 1.10000002
1.79999995 7.50000000 1.10000002
1.89999998 7.50000000 1.10000002
1.70000005 7.50000000 1.20000005
1.79999995 7.50000000 1.20000005
1.89999998 7.50000000 1.20000005
1.70000005 7.50000000 1.29999995
1.79999995 7.50000000 1.29999995
1.89999998 7.50000000 1.29999995
1.70000005 7.50000000 1.39999998
1.79999995 7.50000000 1.39999998
1.89999998 7.50000000 1.39999998
1.70000005 7.50000000 1.50000000
1.79999995 7.50000000 1.50000000
1.89999998 7.50000000 1.50000000
1.70000005 7.50000000 1.60000002
1.79999995 7.50000000 1.60000002
1.89999998 7.50000000 1.60000002
1.70000005 7.50000000 1.70000005
1.79999995 7.50000000 1.70000005
1.89999998 7.50000000 1.70000005
1.70000005 7.50000000 1.79999995
1.79999995 7.50000000 1.79999995
1.89999998 7.50000000 1.79999995
1.70000005 7.50000000 1.89999998
1.79999995 7.50000000 1.89999998
1.89999998 7.50000000 1.89999998
1.70000005 7.50000000 2.00000000
1.79999995 7.50000000 2.00000000
1.89999998 7.50000000 2.00000000
1.70000005 7.50000000 2.09999990
1.79999995 7.50000000 2.09999990
1.89999998 7.50000000 2.09999990
1.70000005 7.50000000 2.20000005
1.79999995 7.50000000 2.20000005
1.89999998 7.50000000 2.20000005
1.70000005 7.50000000 2.29999995
1.79999995 7.50000000 2.29999995
1.89999998 7.50000000 2.29999995
1.70000005 7.50000000 2.40000010
1.79999995 7.50000000 2.40000010
1.89999998 7.50000000 2.40000010
1.70000005 7.50000000 2.50000000
1.79999995 7.50000000 2.50000000
1.89999998 7.50000000 2.50000000
1.70000005 7.59999990 2.50000000
1.79999995 7.59999990 2.50000000
1.89999998 7.59999990 2.50000000
1.70000005 7.69999981 2.50000000
1.79999995 7.69999981 2.50000000
1.89999998 7.69999981 2.50000000
1.70000005 7.80000019 2.50000000
1.79999995 7.80000019 2.50000000
1.89999998 7.80000019 2.50000000
1.70000005 7.90000010 2.50000000
1.79999995 7.90000010 2.50000000
1.89999998 7.90000010 2.50000000
